 v1 = 0001010000000000; //   20.0000000000
 v2 = 0011001000000000; //   50.0000000000
